1012
379
1068
153
864
418
1122
161
207
546
1101
1132
812
1103
477
848
739
874
1126
886
751
174
474
773
239
298
821
231
1141
1247
1207
803
1215
957
341
607
499
760
283
1150
433
1265
1037
1000
548
566
204
965
42
364
968
428
612
802
361
647
680
407
743
196
996
895
639
955
1112
332
151
1159
911
840
557
139
597
742
1157
66
896
316
427
185
296
921
651
485
700
96
1055
568
792
410
383
167
388
940
894
765
621
891
860
709
510
1
294
1259
660
626
692
345
478
1065
1138
764
927
1004
235
401
430
164
879
415
948
1091
397
276
1173
667
439
41
4
454
1244
923
72
87
141
1268
915
835
552
344
981
464
975
766
1128
81
543
1081
417
849
939
403
738
1086
53
953
747
920
863
462
1090
917
157
441
832
261
323
592
84
307
1056
1038
440
588
105
1175
611
907
144
212
1146
629
67
984
1014
412
571
1071
311
1107
1279
118
65
183
466
1015
824
535
942
222
223
570
1024
1197
688
932
1199
687
135
1110
799
1280
1269
581
1023
12
1152
85
1191
603
845
869
6
663
583
697
684
514
656
796
704
365
488
1213
549
819
892
170
1189
1011
143
539
561
883
544
1136
368
187
784
334
58
507
1158
930
1045
434
301
169
11
352
909
1046
1258
918
1174
1261
76
146
99
437
193
271
233
265
674
841
693
232
807
186
960
881
317
270
795
326
251
111
469
55
555
1234
508
266
933
279
650
29
580
315
32
757
842
1093
1032
985
567
791
1266
655
292
59
988
537
649
1013
509
322
102
887
616
220
460
1236
752
82
741
898
1262
56
993
710
1209
384
963
575
681
431
9
642
33
814
962
1092
736
1140
64
346
1225
389
778
199
1133
1252
1165
776
652
269
247
1033
471
419
843
1212
598
904
89
1231
160
60
380
1227
1117
593
168
748
51
1156
1179
313
362
676
733
512
348
1054
90
373
190
634
285
399
913
458
371
825
1220
1187
645
810
1022
16
1250
1241
906
104
1044
545
959
1223
132
729
577
1114
837
130
259
931
475
126
1040
109
528
793
318
136
716
400
163
240
759
254
818
1242
572
730
20
547
110
327
1224
551
657
486
452
225
1127
622
523
171
541
1183
1181
255
805
241
1163
57
698
215
661
1064
1072
833
495
613
1193
584
43
1184
1161
201
1109
192
1049
1003
1237
1200
1222
306
370
636
325
978
1030
1020
1149
258
133
737
721
1102
727
100
999
278
1047
1069
363
1286
1196
726
744
980
1233
701
124
275
236
257
922
966
39
599
1116
1082
229
734
1048
908
120
720
707
1216
490
862
970
1254
293
938
777
899
1058
321
798
413
145
457
1085
3
804
489
473
79
1084
0
1097
179
1067
1190
714
1075
767
206
750
472
142
635
1211
1143
605
1178
967
492
1155
339
210
1154
677
725
516
706
324
221
866
717
351
1221
530
31
712
1284
619
445
817
385
974
958
1096
606
2
912
148
1276
867
815
631
520
262
1217
309
422
376
686
972
40
1167
491
131
1009
1077
1005
1027
753
421
493
1111
1144
846
768
300
23
420
406
822
951
411
1036
1267
295
277
451
788
305
943
329
591
147
446
405
450
1001
260
165
155
1287
432
487
338
54
1240
459
924
694
910
237
573
816
13
461
106
640
858
772
806
521
1275
291
853
1171
78
38
386
140
184
1168
189
121
1238
995
850
1095
127
429
828
284
890
61
177
875
1202
73
770
827
524
705
586
286
44
740
354
245
936
893
998
578
926
1248
88
398
62
209
1073
662
1198
22
435
762
1098
1195
643
1087
74
382
447
1277
116
671
1124
594
70
526
505
989
823
28
589
991
525
1274
1006
600
658
1135
1151
728
372
443
569
1185
1170
1113
830
558
314
536
585
25
366
263
1272
990
761
604
582
880
267
113
522
203
826
956
756
952
608
426
1226
854
1186
596
630
775
836
715
497
617
946
1063
519
359
480
1164
230
1229
882
175
299
1285
983
182
1203
779
690
264
754
273
1042
654
45
1208
553
30
213
755
176
527
1130
48
851
468
852
559
356
479
1255
330
312
550
202
5
274
935
1070
675
997
992
625
337
52
1246
1059
602
1177
1021
149
614
685
1206
797
1273
476
1192
641
808
396
1016
699
1172
123
789
500
216
1282
820
947
782
342
1204
290
876
449
355
628
108
1025
91
367
903
1228
696
205
1115
1142
532
152
618
511
533
668
347
1239
1253
1270
829
1129
103
282
590
194
672
234
211
1119
633
357
1131
1089
1105
114
670
200
1062
702
1194
865
272
937
1118
929
919
303
1076
745
1271
871
416
287
719
513
969
358
1210
1160
129
156
646
724
394
713
95
691
424
180
27
723
178
964
438
336
150
470
861
444
467
624
857
242
564
97
1120
1053
834
46
982
214
746
34
1017
1201
319
36
945
333
1249
1283
506
268
14
138
17
644
560
7
24
1245
961
455
10
1232
353
884
423
1264
289
678
1214
1010
360
695
1043
1162
987
402
128
77
780
1100
601
154
248
496
377
900
1219
859
35
870
749
1060
26
787
252
482
794
227
453
1169
517
769
515
